0.977599 0.170421
0.271454 0.196238
0.401424 0.451229
0.824551 0.002413
0.770000 0.601590
0.567098 0.635418
0.246005 0.605916
0.108684 0.835490
0.241689 0.034567
0.262440 0.789435
0.129105 0.712327
0.578454 0.778886
0.946518 0.755035
0.151964 0.722500
0.835804 0.271527
0.561945 0.026953
0.675768 0.218805
0.608030 0.882745
0.263286 0.078355
0.363310 0.611949
0.292727 0.018340
0.967666 0.072622
0.069474 0.455293
0.901158 0.441950
0.657775 0.529600
0.663337 0.613688
0.970351 0.329219
0.594081 0.659770
0.705748 0.627691
0.547789 0.453838
0.415539 0.286768
0.067859 0.320855
0.528233 0.201798
0.110401 0.044258
0.489192 0.942080
0.427587 0.172053
0.683435 0.420848
0.398338 0.924069
0.198687 0.656497
0.876933 0.017426
0.099246 0.747406
0.777728 0.084635
0.337717 0.598358
0.356685 0.107176
0.011343 0.240009
0.275568 0.877962
0.889576 0.945325
0.791569 0.701178
0.786314 0.242117
0.776136 0.326078
0.181863 0.021491
0.964258 0.159773
0.535018 0.737527
0.480794 0.425268
0.742980 0.862158
0.464555 0.056037
0.482831 0.735619
0.327042 0.508944
0.310669 0.552311
0.725243 0.958513
0.136960 0.997866
0.011568 0.013510
0.992253 0.837855
0.482984 0.721430
0.584945 0.288983
0.525868 0.981178
0.897118 0.508287
0.955525 0.601505
0.359040 0.155185
0.200639 0.144516
0.785937 0.224595
0.795788 0.941260
0.693794 0.300629
0.123181 0.084745
0.985889 0.074040
0.777332 0.359562
0.314459 0.092112
0.678508 0.606451
0.414561 0.950506
0.566182 0.636582
0.252193 0.474073
0.166593 0.345876
0.302650 0.336104
0.082131 0.963462
0.314462 0.069826
0.968371 0.520562
0.518836 0.485863
0.026659 0.031697
0.563197 0.118303
0.368148 0.191784
0.322257 0.955372
0.792393 0.529325
0.763989 0.004555
0.430232 0.473298
0.198891 0.250740
0.524506 0.294855
0.007051 0.700181
0.319311 0.820285
0.990926 0.333278
0.025025 0.913626
0.708538 0.112298
0.031026 0.005762
0.340409 0.823549
0.023733 0.304217
0.483231 0.118572
0.495968 0.005680
0.799296 0.596204
0.528231 0.498423
0.086036 0.276062
0.752594 0.623257
0.663722 0.481753
0.782954 0.159530
0.049908 0.600165
0.469261 0.095906
0.900456 0.959217
0.895656 0.364215
0.380087 0.914314
0.068595 0.385876
0.644934 0.356579
0.820986 0.388272
0.225865 0.990046
0.155731 0.673825
0.123612 0.336961
0.100846 0.654953
0.307155 0.689347
0.191794 0.192050
0.387900 0.676454
0.354861 0.588631
0.908558 0.647379
0.526271 0.745069
0.691190 0.943900
0.805488 0.105743
0.605551 0.926340
0.015080 0.731470
0.605311 0.083911
0.848799 0.937838
0.052178 0.493205
0.283519 0.492709
0.240397 0.506290
0.294405 0.009859
0.831163 0.640829
0.765331 0.125062
0.881129 0.229655
0.547366 0.043285
0.729865 0.171615
0.888571 0.401539
0.090066 0.676511
0.923952 0.524242
0.144465 0.654248
0.846119 0.897939
0.110769 0.965706
0.954161 0.940384
0.268468 0.054146
0.918677 0.324920
0.901815 0.361395
0.852826 0.606910
0.387882 0.503097
0.486667 0.396011
0.309130 0.551356
0.452634 0.946741
0.301471 0.443896
0.217559 0.674288
0.837312 0.128589
0.276996 0.580980
0.450656 0.478483
0.350867 0.350714
0.599054 0.451355
0.077603 0.309921
0.380170 0.573209
0.731121 0.328533
0.098881 0.903082
0.901006 0.407830
0.552237 0.335658
0.826667 0.277861
0.526609 0.295304
0.092949 0.252043
0.917385 0.114689
0.177512 0.127293
0.586833 0.408177
0.239997 0.952247
0.064684 0.053649
0.112797 0.538164
0.977148 0.041747
0.148093 0.287316
0.025029 0.456132
0.127687 0.956853
0.269907 0.628001
0.099054 0.127326
0.949356 0.707403
0.540822 0.409650
0.915496 0.186900
0.639511 0.573690
0.841245 0.066679
0.119903 0.663488
0.537084 0.751071
0.818987 0.682650
0.314437 0.446437
0.026692 0.278274
0.466563 0.210748
0.329649 0.215956
0.609119 0.508905
0.491940 0.199513
0.149278 0.032390
0.991288 0.391851
0.469934 0.273469
0.396982 0.879342
0.610683 0.091185
0.845491 0.485325
0.614988 0.874151
0.960533 0.042811
0.832765 0.589368
0.523103 0.591923
0.846389 0.368776
0.835558 0.836843
0.609129 0.615078
0.805038 0.255885
0.384238 0.248605
0.000759 0.503252
0.646654 0.746502
0.939782 0.070339
0.629360 0.438873
0.233145 0.257941
0.388365 0.250358
0.476934 0.013808
0.721352 0.833001
0.848245 0.502515
0.153906 0.864538
0.878564 0.980707
0.394097 0.977921
0.457241 0.416349
0.638041 0.076407
0.149155 0.322766
0.716985 0.190987
0.509279 0.403968
0.356624 0.058152
0.025575 0.393081
0.543332 0.241722
0.077891 0.222053
0.185921 0.515435
0.615242 0.346197
0.933323 0.537706
0.325515 0.104081
0.584059 0.265047
0.543765 0.475429
0.326304 0.746155
0.825098 0.789531
0.259855 0.095208
0.964490 0.317403
0.935332 0.511945
0.540830 0.139622
0.090534 0.444662
0.992342 0.203087
0.631186 0.103743
0.153419 0.288757
0.463802 0.733922
0.976575 0.436141
0.225866 0.061861
0.440796 0.563620
0.976963 0.818502
0.460264 0.781054
0.090557 0.272032
0.812586 0.101233
0.890770 0.695018
0.616682 0.240251
0.051611 0.474408
0.854379 0.034609
0.421136 0.229295
0.176961 0.646583
0.606229 0.359819
0.235257 0.702260
0.321089 0.952251
0.590937 0.833395
0.699277 0.810137
0.361707 0.814035
0.622385 0.191083
0.689830 0.123975
0.524979 0.169648
0.875076 0.906242
0.907435 0.300874
0.807632 0.365528
0.903694 0.904731
0.216101 0.717436
0.896886 0.364156
0.174853 0.058129
0.384438 0.206813
0.353674 0.494397
0.807852 0.934399
0.112592 0.334905
0.355444 0.643901
0.456896 0.549784
0.723032 0.455319
0.329447 0.432744
0.552526 0.148739
0.144126 0.515182
0.884109 0.054718
0.824593 0.989598
0.824053 0.080049
0.244980 0.698040
0.067452 0.152485
0.396507 0.642398
0.909446 0.996335
0.837581 0.445550
0.799105 0.581722
0.589372 0.055202
0.480341 0.651623
0.769446 0.132545
0.779762 0.923432
0.905495 0.671006
0.009420 0.119335
0.971075 0.072672
0.883777 0.635294
0.130794 0.334637
0.286610 0.179825
0.904124 0.306617
0.839620 0.165287
0.187063 0.186514
0.707282 0.216648
0.776150 0.948601
0.809691 0.539092
0.068701 0.823860
0.506120 0.633059
0.338877 0.390972
0.035208 0.633217
0.239949 0.391781
0.145666 0.917022
0.780025 0.610296
0.864943 0.816654
0.628850 0.297286
0.103290 0.504582
0.680367 0.090254
0.992706 0.131165
0.410841 0.524735
0.310340 0.862226
0.900275 0.442231
0.565042 0.534422
0.531604 0.857882
0.417754 0.719520
0.553163 0.981132
0.141593 0.576865
0.204443 0.674723
0.812699 0.868272
0.197538 0.595669
0.535839 0.487616
0.108611 0.944737
0.232731 0.392717
0.958787 0.298250
0.641169 0.189450
0.696544 0.534446
0.831932 0.121957
0.246738 0.725133
0.782168 0.400697
0.316256 0.591352
0.498001 0.160374
0.574683 0.182622
0.524743 0.610912
0.906275 0.474800
0.807866 0.110154
0.864141 0.976125
0.120099 0.852920
0.306395 0.959766
0.749427 0.048394
0.341944 0.158914
0.054826 0.879149
0.823051 0.015523
0.978573 0.405664
0.991431 0.449495
0.254204 0.121025
0.797837 0.734099
0.611750 0.242853
0.172165 0.406397
0.912255 0.312149
0.659656 0.384615
0.548266 0.743971
0.386237 0.863828
0.446648 0.981709
0.456695 0.309036
0.646827 0.056504
0.622451 0.311405
0.178121 0.361391
0.624609 0.858224
0.567541 0.004811
0.352606 0.239660
0.740037 0.826037
0.731790 0.216683
0.791475 0.101926
0.857821 0.843481
0.475725 0.172665
0.408124 0.306804
0.272912 0.599557
0.624305 0.672254
0.774620 0.490461
0.765619 0.539772
0.554444 0.594014
0.253645 0.763053
0.518992 0.769356
0.347827 0.224253
0.785608 0.520789
0.745330 0.011478
0.351974 0.415276
0.989873 0.623733
0.940433 0.370922
0.294692 0.845305
0.367887 0.446161
0.142921 0.885499
0.758881 0.637255
0.365582 0.575666
0.525810 0.344822
0.256468 0.074168
0.951967 0.195244
0.815817 0.161002
0.410239 0.150617
0.689506 0.775866
0.400037 0.277572
0.792905 0.538798
0.387995 0.690389
0.460404 0.857540
0.965693 0.372955
0.000637 0.116557
0.676653 0.792542
0.728371 0.554940
0.972443 0.453033
0.592690 0.998608
0.850976 0.628838
0.322670 0.338458
0.324952 0.511175
0.317726 0.580507
0.886745 0.823879
0.110272 0.636602
0.122092 0.744320
0.340789 0.532026
0.191636 0.238971
0.643349 0.733152
0.636977 0.350324
0.825118 0.936170
0.641940 0.872940
0.258228 0.002058
0.568738 0.924526
0.727804 0.442892
0.529461 0.647904
0.519560 0.641550
0.548407 0.763860
0.144332 0.009843
0.638835 0.074167
0.933291 0.736657
0.311834 0.774751
0.244397 0.852204
0.302327 0.431143
0.678579 0.860659
0.506252 0.175181
0.581364 0.994190
0.983128 0.763573
0.689528 0.331528
0.840762 0.553401
0.114587 0.886919
0.914306 0.763852
0.479476 0.337168
0.878006 0.424797
0.957979 0.240691
0.752368 0.888035
0.240127 0.627832
0.894879 0.632332
0.313033 0.089154
0.161652 0.317578
0.763394 0.930321
0.741182 0.320849
0.178870 0.517678
0.218843 0.269702
0.712145 0.861497
0.003217 0.661207
0.212940 0.499329
0.893586 0.642645
0.844342 0.911773
0.431090 0.148875
0.048053 0.652044
0.884214 0.042599
0.984694 0.756680
0.010381 0.639366
0.146133 0.724147
0.890973 0.628788
0.739659 0.025996
0.059426 0.410244
0.520010 0.545619
0.706427 0.881166
0.141697 0.761228
0.588095 0.944729
0.660121 0.223885
0.766881 0.930261
0.688013 0.341285
0.047484 0.625688
0.117227 0.844590
0.810622 0.623797
0.738237 0.855631
0.182203 0.348688
0.519804 0.779637
0.163025 0.759610
0.426610 0.147641
0.026444 0.869330
0.711882 0.879029
0.909986 0.873813
0.561799 0.137488
0.461960 0.005265
0.683938 0.457995
0.660243 0.583852
0.336981 0.406956
0.243004 0.103689
0.442366 0.321443
0.438786 0.903543
0.704000 0.129590
0.658085 0.945248
0.623313 0.996921
0.955013 0.292139
0.467034 0.071683
0.183187 0.607360
0.099315 0.455216
0.900773 0.701224
0.953314 0.470998
0.226999 0.403099
0.841654 0.961735
0.854738 0.545075
0.081922 0.116028
0.465288 0.792234
0.605178 0.504474
0.589983 0.415508
0.243003 0.037485
0.745677 0.506057
0.857498 0.012670
0.922612 0.251554
0.504269 0.486971
0.372772 0.402689
0.096529 0.407551
0.627591 0.397556
0.750064 0.741924
0.202174 0.242850
0.937138 0.383371
0.087885 0.501128
0.738042 0.706858
0.814720 0.449712
0.774891 0.651317
0.903457 0.393462
0.839242 0.686254
0.127220 0.836772
0.859308 0.551503
0.091101 0.141052
0.691019 0.189791
0.611873 0.277483
0.299326 0.399876
0.426049 0.954004
0.626045 0.015810
0.522021 0.225135
0.067104 0.052760
0.634006 0.352485
0.007792 0.395736
0.369485 0.506523
0.512577 0.091171
0.561219 0.668995
0.995629 0.359557
0.658683 0.125861
0.741790 0.056491
0.732530 0.827550
0.064979 0.548536
0.400319 0.765748
0.074795 0.294689
0.399009 0.347010
0.604932 0.200830
0.908635 0.934678
0.845553 0.231559
0.227044 0.808318
0.479222 0.694961
0.207559 0.491356
0.384934 0.246254
0.165465 0.818901
0.519523 0.864457
0.361877 0.803995
0.626787 0.048893
0.395144 0.120397
0.481300 0.218837
0.451687 0.910114
0.577896 0.766718
0.200926 0.328665
0.198141 0.458270
0.906306 0.186910
0.680993 0.151832
0.153079 0.109959
0.796671 0.582273
0.765390 0.722353
0.892617 0.478250
0.358346 0.157981
0.821701 0.073967
0.538342 0.194436
0.047799 0.922439
0.821317 0.026899
0.098757 0.834920
0.981069 0.334902
0.974581 0.681011
0.696010 0.081815
0.320779 0.792653
0.776571 0.039005
0.147515 0.197142
0.143873 0.986245
0.307176 0.587448
0.010370 0.986162
0.018889 0.246322
0.670163 0.615350
0.912100 0.621592
0.857832 0.840799
0.106758 0.012045
0.081051 0.482959
0.697847 0.324683
0.563397 0.200536
0.281420 0.827815
0.575476 0.789709
0.713604 0.994114
0.876015 0.981456
0.712038 0.029909
0.359441 0.021767
0.963425 0.026269
0.205821 0.963550
0.716861 0.359630
0.710906 0.893490
0.067680 0.848979
0.977877 0.364245
0.893329 0.469811
0.762978 0.835581
0.754121 0.194133
0.974344 0.386361
0.016660 0.152435
0.477807 0.050572
0.015579 0.883903
0.772653 0.962228
0.958984 0.384748
0.596291 0.791875
0.056896 0.529901
0.652223 0.706811
0.959584 0.704588
0.010194 0.320827
0.398548 0.872139
0.999714 0.362235
0.447496 0.248980
0.992417 0.191847
0.441734 0.754735
0.126476 0.796167
0.084821 0.583959
0.898308 0.643229
0.578266 0.516699
0.997862 0.855622
0.540917 0.159152
0.484537 0.063625
0.236876 0.699765
0.464400 0.141974
0.905610 0.740484
0.644665 0.597317
0.235670 0.785246
0.592955 0.473737
0.128232 0.623822
0.362432 0.170994
0.136427 0.579923
0.276401 0.039971
0.974856 0.129921
0.115386 0.496258
0.890308 0.050870
0.147639 0.609818
0.482182 0.977597
0.865590 0.229008
0.211320 0.253695
0.535365 0.714717
0.561603 0.151355
0.286700 0.450642
0.413079 0.728637
0.147588 0.193606
0.692344 0.191341
0.504396 0.885722
0.235228 0.349792
0.949711 0.986885
0.856108 0.687146
0.963466 0.563113
0.778078 0.387508
0.430225 0.513458
0.700600 0.305956
0.533212 0.547795
0.450088 0.337846
0.246295 0.234324
0.588888 0.477447
0.761267 0.050658
0.812228 0.193586
0.020621 0.874628
0.464795 0.807141
0.878798 0.365795
0.569168 0.799267
0.497662 0.227306
0.350004 0.988302
0.263835 0.969343
0.975798 0.268541
0.959114 0.282988
0.798116 0.516410
0.546952 0.498150
0.367322 0.619423
0.142550 0.653964
0.528801 0.593788
0.064045 0.746836
0.571263 0.390540
0.721618 0.653965
0.946156 0.197527
0.646835 0.216917
0.432051 0.419655
0.065883 0.502252
0.336662 0.752821
0.692415 0.308386
0.704400 0.278404
0.501712 0.727459
0.379661 0.152596
0.393715 0.651612
0.194565 0.433267
0.414081 0.267505
0.071116 0.988135
0.917334 0.890431
0.104531 0.598178
0.735842 0.699211
0.725708 0.068987
0.842221 0.613483
0.967499 0.762363
0.955228 0.766027
0.838910 0.569270
0.270792 0.086717
0.712921 0.794144
0.527000 0.131031
0.193044 0.898774
0.551278 0.143988
0.365356 0.423709
0.346096 0.298795
0.915409 0.861326
0.504890 0.806283
0.718417 0.442871
0.536973 0.117360
0.571030 0.339151
0.436112 0.787222
0.719397 0.944153
0.937772 0.835489
0.922332 0.660829
0.119262 0.928392
0.617408 0.480838
0.546118 0.585636
0.283691 0.636218
0.659949 0.600612
0.124509 0.246254
0.088544 0.707729
0.210379 0.920255
0.901982 0.508767
0.526366 0.025438
0.768865 0.120411
0.833661 0.014365
0.461052 0.038020
0.882426 0.469678
0.201450 0.787186
0.957740 0.699989
0.123202 0.400434
0.225018 0.908443
0.402380 0.092464
0.251163 0.807635
0.233663 0.242454
0.172749 0.632127
0.618930 0.932323
0.627052 0.769028
0.040470 0.717933
0.678404 0.910457
0.516235 0.085685
0.051383 0.120636
0.702325 0.359685
0.722197 0.798078
0.850750 0.831093
0.224489 0.178428
0.974291 0.722339
0.182324 0.401765
0.533346 0.212654
0.861564 0.341082
0.891625 0.836759
0.103620 0.872824
0.903610 0.174529
0.448211 0.969035
0.626558 0.883002
0.399909 0.588647
0.156065 0.143994
0.579770 0.431890
0.787940 0.224196
0.089621 0.296302
0.110009 0.984410
0.687593 0.612037
0.621650 0.786362
0.358546 0.823765
0.729974 0.253076
0.697622 0.895113
0.554083 0.050444
0.512279 0.183911
0.205611 0.393628
0.884561 0.785479
0.753718 0.853623
0.351889 0.072511
0.399558 0.667443
0.389455 0.645207
0.737206 0.292201
0.376648 0.237764
0.123026 0.247247
0.593745 0.471588
0.025168 0.848499
0.588130 0.875040
0.733901 0.831527
0.651600 0.352587
0.775194 0.841377
0.292678 0.478232
0.453481 0.392078
0.308328 0.294895
0.590689 0.667466
0.692703 0.436162
0.332756 0.053538
0.510378 0.655613
0.598095 0.000246
0.619479 0.633275
0.945206 0.345609
0.689539 0.489661
0.178671 0.714581
0.521656 0.039227
0.596685 0.862275
0.836362 0.319532
0.352216 0.960720
0.481823 0.034456
0.591502 0.102840
0.731781 0.939987
0.403810 0.506839
0.006828 0.721475
0.774598 0.816612
0.295658 0.720728
0.767964 0.051221
0.985121 0.740094
0.022111 0.239078
0.061515 0.156393
0.991344 0.814109
0.488760 0.773437
0.633390 0.658756
0.037335 0.034041
0.698655 0.384877
0.923775 0.246771
0.869367 0.840774
0.153569 0.240118
0.146283 0.531656
0.994640 0.831620
0.115176 0.361021
0.278962 0.470762
0.293649 0.084735
0.841403 0.806438
0.710750 0.713407
0.667381 0.497165
0.942139 0.543380
0.906241 0.626553
0.823313 0.802946
0.751971 0.359713
0.421472 0.850013
0.009219 0.336985
0.268886 0.467806
0.857198 0.400129
0.238265 0.266420
0.446274 0.371604
0.920006 0.268790
0.187523 0.925574
0.726325 0.616257
0.692524 0.765675
0.189456 0.420891
0.593484 0.314418
0.208336 0.109822
0.007112 0.627052
0.377549 0.382526
0.348920 0.798074
0.147469 0.915335
0.482183 0.926956
0.435509 0.322706
0.081742 0.087797
0.479730 0.638785
0.792849 0.979285
0.284833 0.172905
0.634529 0.678835
0.756616 0.141249
0.819449 0.576196
0.156367 0.666440
0.474447 0.411305
0.248920 0.100123
0.967037 0.432672
0.212349 0.449858
0.272243 0.986740
0.124324 0.257722
0.620293 0.647817
0.192031 0.094067
0.265436 0.316086
0.857969 0.944904
0.474401 0.763360
0.102879 0.450179
0.014904 0.072481
0.834534 0.332420
0.077374 0.153819
0.967029 0.593511
0.613334 0.323063
0.850843 0.361249
0.510586 0.454975
0.949462 0.663750
0.282827 0.195256
0.106881 0.009501
0.947133 0.732567
0.784240 0.869639
0.077415 0.894653
0.793778 0.886391
0.343931 0.040156
0.242564 0.640104
0.224698 0.942615
0.824041 0.589472
0.161443 0.667017
0.073361 0.185030
0.002344 0.023687
0.758744 0.340163
0.877116 0.275923
0.570104 0.868103
0.173904 0.939211
0.453657 0.751366
0.250465 0.295442
0.259852 0.826870
0.344039 0.398499
0.505527 0.689330
0.635341 0.336422
0.188010 0.623304
0.722887 0.460600
0.730694 0.308205
0.244577 0.486623
0.570272 0.222272
0.546063 0.362367
0.836050 0.769297
0.737526 0.124542
0.034739 0.358542
0.052191 0.985745
0.437082 0.794102
0.822101 0.028871
0.944575 0.082610
0.951836 0.603939
0.792416 0.423715
0.720638 0.587844
0.237274 0.181397
0.080507 0.644017
0.544434 0.216928
0.596112 0.419154
0.274399 0.538303
0.976037 0.206636
0.938124 0.168956
0.184165 0.690565
0.291785 0.873672
0.212690 0.994915
0.719238 0.834971
0.700012 0.083879
0.775249 0.850816
0.086093 0.334205
0.086978 0.414340
0.499827 0.114611
0.512964 0.724917
0.486097 0.198794
0.490526 0.488643
0.540643 0.758224
0.074426 0.566358
0.232761 0.847167
0.436245 0.294118
0.557708 0.154467
0.331293 0.256781
0.794209 0.161249
0.949736 0.979284
0.304917 0.520486
0.454811 0.583714
0.390433 0.348215
0.607035 0.404423
0.542746 0.636348
0.967043 0.325734
0.850098 0.541731
0.919764 0.933883
0.734669 0.873487
0.233656 0.725475
0.527920 0.117034
0.803232 0.924361
0.919164 0.424865
0.345078 0.815776
0.666977 0.812175
0.018557 0.743737
0.422581 0.087697
0.040762 0.299637
0.190854 0.428648
0.547823 0.754367
0.736966 0.926862
0.501180 0.288108
0.610087 0.630769
0.725509 0.990640
0.649280 0.506881
0.564291 0.618890
0.456108 0.121033
0.369472 0.214063
0.534961 0.405388
0.654592 0.718121
0.785200 0.734475
0.423724 0.093646
0.235680 0.835074
